IMG_3960_iter_0.jpg SBD1 0.715337,0.277268,0.015758,0.010917 SBD2 0.732846,0.142982,0.014571,0.010337 SBD3 0.749804,0.142722,0.015408,0.010557 SBD4 0.767200,0.159372,0.015489,0.010690 SBD5 0.785328,0.261150,0.014695,0.010483 SBD6 0.802554,0.210712,0.015616,0.010356 MDT1 0.863724,0.177652,0.016524,0.010786 MDT2 0.881179,0.280217,0.015130,0.010536 MDT3 0.897924,0.144384,0.014201,0.011479
IMG_3960_iter_1.jpg SBD1 0.715625,0.295053,0.015762,0.011026 SBD2 0.732475,0.192165,0.015406,0.010376 SBD3 0.750855,0.277529,0.016002,0.010936 SBD4 0.767161,0.159403,0.015446,0.010738 SBD5 0.784942,0.193111,0.014958,0.010825 SBD6 0.802563,0.210675,0.015718,0.010416 MDT1 0.863410,0.245811,0.016031,0.011257 MDT2 0.880642,0.194748,0.015000,0.010392 MDT3 0.897337,0.229286,0.013847,0.010946
IMG_3960_iter_10.jpg SBD1 0.715447,0.260259,0.015707,0.010847 SBD2 0.733425,0.294801,0.015666,0.011174 SBD3 0.749657,0.175960,0.015272,0.010418 SBD4 0.767217,0.159391,0.015430,0.010699 SBD5 0.786534,0.295697,0.015553,0.010497 SBD6 0.803332,0.295995,0.015396,0.010441 MDT1 0.863483,0.245794,0.016054,0.011170 MDT2 0.880647,0.194783,0.015015,0.010419 MDT3 0.897686,0.212422,0.013881,0.011136
IMG_3960_iter_100.jpg SBD1 0.714899,0.192151,0.015642,0.010928 SBD2 0.733239,0.294780,0.015690,0.011147 SBD3 0.750782,0.277579,0.015975,0.010979 SBD4 0.767542,0.243502,0.015562,0.010325 SBD5 0.786022,0.278529,0.015439,0.010622 SBD6 0.802679,0.227011,0.015637,0.010829 MDT1 0.863731,0.143986,0.015397,0.010617 MDT2 0.880596,0.211976,0.016068,0.011269 MDT3 0.897871,0.144468,0.014182,0.011385
IMG_3960_iter_101.jpg SBD1 0.714734,0.174968,0.015843,0.010403 SBD2 0.732741,0.175549,0.015734,0.010856 SBD3 0.750055,0.243473,0.015458,0.010941 SBD4 0.767526,0.226997,0.015523,0.010813 SBD5 0.786095,0.278541,0.015326,0.010633 SBD6 0.802706,0.226984,0.015595,0.010885 MDT1 0.863795,0.280017,0.015150,0.010733 MDT2 0.880376,0.228981,0.014777,0.010594 MDT3 0.897596,0.245948,0.014086,0.010713
IMG_3960_iter_102.jpg SBD1 0.715272,0.242836,0.016082,0.010438 SBD2 0.733286,0.294800,0.015705,0.011154 SBD3 0.750410,0.260516,0.015754,0.010934 SBD4 0.768350,0.278354,0.015486,0.010700 SBD5 0.786503,0.295646,0.015546,0.010493 SBD6 0.802879,0.193646,0.015392,0.010980 MDT1 0.863713,0.144005,0.015407,0.010609 MDT2 0.880651,0.194813,0.015114,0.010510 MDT3 0.898596,0.296859,0.014692,0.010551
IMG_3960_iter_103.jpg SBD1 0.715309,0.277275,0.015719,0.010939 SBD2 0.732545,0.159113,0.014946,0.010734 SBD3 0.750468,0.226220,0.015479,0.010724 SBD4 0.768549,0.295346,0.015435,0.011096 SBD5 0.784986,0.193176,0.014934,0.010926 SBD6 0.802532,0.143518,0.015586,0.010931 MDT1 0.863383,0.262627,0.015023,0.010923 MDT2 0.880234,0.228956,0.014679,0.010639 MDT3 0.897465,0.245987,0.014021,0.010679
IMG_3960_iter_104.jpg SBD1 0.715260,0.242814,0.016094,0.010441 SBD2 0.732791,0.142966,0.014594,0.010314 SBD3 0.750896,0.277569,0.015950,0.010922 SBD4 0.767123,0.159386,0.015443,0.010703 SBD5 0.784829,0.143104,0.015112,0.010456 SBD6 0.802807,0.193623,0.015362,0.010932 MDT1 0.863297,0.228961,0.016300,0.011257 MDT2 0.881456,0.144924,0.014656,0.011271 MDT3 0.897671,0.212507,0.013921,0.011155
IMG_3960_iter_105.jpg SBD1 0.714720,0.225619,0.015757,0.010920 SBD2 0.732616,0.225964,0.015952,0.010682 SBD3 0.749930,0.209531,0.016117,0.010913 SBD4 0.767637,0.226999,0.015490,0.010798 SBD5 0.786464,0.295679,0.015630,0.010488 SBD6 0.803334,0.295969,0.015396,0.010415 MDT1 0.863799,0.143918,0.015395,0.010572 MDT2 0.881193,0.296730,0.014563,0.010426 MDT3 0.897677,0.212512,0.013873,0.011184
IMG_3960_iter_106.jpg SBD1 0.715465,0.260251,0.015728,0.010881 SBD2 0.733222,0.260362,0.015536,0.010830 SBD3 0.749920,0.142677,0.015450,0.010534 SBD4 0.767064,0.209997,0.015359,0.011073 SBD5 0.786438,0.295673,0.015594,0.010563 SBD6 0.802977,0.176829,0.015534,0.010689 MDT1 0.863503,0.194205,0.016067,0.010420 MDT2 0.881161,0.280182,0.015146,0.010524 MDT3 0.897548,0.245949,0.014065,0.010721
IMG_3960_iter_107.jpg SBD1 0.715246,0.242848,0.016062,0.010421 SBD2 0.733217,0.260418,0.015466,0.010839 SBD3 0.749755,0.159386,0.015336,0.010677 SBD4 0.768490,0.295416,0.015429,0.011077 SBD5 0.785312,0.261149,0.014756,0.010469 SBD6 0.802547,0.143538,0.015647,0.010962 MDT1 0.863532,0.194216,0.016069,0.010408 MDT2 0.881115,0.280179,0.015136,0.010579 MDT3 0.897389,0.229310,0.013747,0.010813
IMG_3960_iter_108.jpg SBD1 0.715317,0.277288,0.015691,0.010955 SBD2 0.733527,0.277855,0.016050,0.010769 SBD3 0.750459,0.226158,0.015465,0.010773 SBD4 0.768175,0.260766,0.015378,0.010937 SBD5 0.786022,0.278591,0.015356,0.010645 SBD6 0.802544,0.143501,0.015643,0.010952 MDT1 0.863731,0.177611,0.016580,0.010766 MDT2 0.880643,0.245899,0.014942,0.011077 MDT3 0.898122,0.161007,0.014386,0.010355
IMG_3960_iter_109.jpg SBD1 0.714677,0.225614,0.015732,0.010939 SBD2 0.732572,0.209525,0.015059,0.010591 SBD3 0.749781,0.159348,0.015328,0.010658 SBD4 0.768198,0.260775,0.015335,0.010921 SBD5 0.785192,0.244047,0.015472,0.010804 SBD6 0.802396,0.210656,0.015615,0.010367 MDT1 0.864043,0.296683,0.015283,0.011075 MDT2 0.881268,0.296713,0.014520,0.010472 MDT3 0.897635,0.245986,0.014087,0.010687
IMG_3960_iter_11.jpg SBD1 0.715270,0.242847,0.016103,0.010447 SBD2 0.733360,0.294788,0.015724,0.011183 SBD3 0.750463,0.226179,0.015488,0.010779 SBD4 0.767198,0.159403,0.015445,0.010720 SBD5 0.785230,0.226819,0.015554,0.010899 SBD6 0.802525,0.143504,0.015608,0.010963 MDT1 0.863751,0.177703,0.016502,0.010766 MDT2 0.880603,0.245892,0.014944,0.011090 MDT3 0.897605,0.212555,0.013927,0.011170
IMG_3960_iter_110.jpg SBD1 0.715332,0.277276,0.015699,0.010937 SBD2 0.732560,0.225983,0.015917,0.010663 SBD3 0.749839,0.142725,0.015318,0.010530 SBD4 0.767593,0.226990,0.015499,0.010764 SBD5 0.785150,0.210243,0.014842,0.011013 SBD6 0.802821,0.160019,0.015126,0.010618 MDT1 0.863067,0.161018,0.015346,0.010895 MDT2 0.881447,0.144856,0.014627,0.011264 MDT3 0.897721,0.178202,0.014015,0.011284
IMG_3960_iter_111.jpg SBD1 0.714884,0.208763,0.016037,0.011038 SBD2 0.732898,0.243005,0.015452,0.010478 SBD3 0.749648,0.175936,0.015319,0.010498 SBD4 0.768246,0.278380,0.015509,0.010725 SBD5 0.785319,0.261147,0.014625,0.010402 SBD6 0.802637,0.210696,0.015696,0.010418 MDT1 0.863153,0.211623,0.016305,0.011205 MDT2 0.881540,0.144857,0.014666,0.011260 MDT3 0.897326,0.229287,0.013908,0.011007
IMG_3960_iter_112.jpg SBD1 0.715238,0.277267,0.015723,0.010935 SBD2 0.732634,0.209552,0.015019,0.010561 SBD3 0.750772,0.277560,0.015993,0.011010 SBD4 0.768530,0.295448,0.015436,0.011141 SBD5 0.785324,0.261096,0.014756,0.010508 SBD6 0.802986,0.176818,0.015525,0.010705 MDT1 0.863761,0.279943,0.015372,0.010822 MDT2 0.880736,0.245892,0.014853,0.010960 MDT3 0.898746,0.296928,0.014683,0.010631
IMG_3960_iter_113.jpg SBD1 0.715257,0.277259,0.015697,0.010942 SBD2 0.732839,0.243025,0.015449,0.010420 SBD3 0.750844,0.277560,0.015981,0.010950 SBD4 0.767414,0.192840,0.016238,0.010833 SBD5 0.784652,0.176451,0.014871,0.010484 SBD6 0.802916,0.244699,0.016385,0.010814 MDT1 0.863193,0.228976,0.016358,0.011292 MDT2 0.881116,0.178215,0.015146,0.011303 MDT3 0.897527,0.195171,0.013780,0.010807
IMG_3960_iter_114.jpg SBD1 0.715289,0.242856,0.016113,0.010454 SBD2 0.732523,0.192164,0.015461,0.010458 SBD3 0.750760,0.294981,0.015502,0.011124 SBD4 0.768537,0.295312,0.015417,0.011045 SBD5 0.785134,0.210315,0.014836,0.011026 SBD6 0.802880,0.244682,0.016425,0.010833 MDT1 0.863411,0.262639,0.015056,0.010949 MDT2 0.881319,0.262767,0.016179,0.011012 MDT3 0.897581,0.246026,0.014097,0.010682
IMG_3960_iter_115.jpg SBD1 0.714918,0.208804,0.016048,0.011029 SBD2 0.732460,0.159126,0.014929,0.010743 SBD3 0.749858,0.209567,0.016060,0.010925 SBD4 0.768554,0.295319,0.015437,0.011083 SBD5 0.786435,0.295684,0.015595,0.010523 SBD6 0.802698,0.160043,0.015107,0.010582 MDT1 0.863110,0.211655,0.016287,0.011173 MDT2 0.880629,0.245889,0.014937,0.011054 MDT3 0.898154,0.280208,0.014146,0.010972
IMG_3960_iter_116.jpg SBD1 0.714691,0.225606,0.015772,0.010947 SBD2 0.732519,0.159110,0.014899,0.010763 SBD3 0.749893,0.209546,0.016103,0.010929 SBD4 0.768521,0.295336,0.015444,0.011142 SBD5 0.785162,0.226798,0.015612,0.010925 SBD6 0.803344,0.296031,0.015431,0.010417 MDT1 0.863734,0.177674,0.016555,0.010777 MDT2 0.881533,0.160996,0.015356,0.010373 MDT3 0.897699,0.212527,0.013927,0.011207
IMG_3960_iter_117.jpg SBD1 0.714701,0.174943,0.015874,0.010387 SBD2 0.732651,0.209539,0.015023,0.010580 SBD3 0.749620,0.192544,0.015604,0.010846 SBD4 0.767409,0.142697,0.015623,0.010604 SBD5 0.784928,0.143139,0.015095,0.010531 SBD6 0.802935,0.244692,0.016352,0.010792 MDT1 0.863104,0.211641,0.016258,0.011178 MDT2 0.880610,0.194810,0.015097,0.010416 MDT3 0.897557,0.246025,0.014096,0.010675
IMG_3960_iter_118.jpg SBD1 0.715288,0.277255,0.015614,0.010947 SBD2 0.733248,0.260346,0.015544,0.010841 SBD3 0.750930,0.277539,0.015960,0.010939 SBD4 0.767585,0.243486,0.015497,0.010336 SBD5 0.785219,0.226843,0.015597,0.010883 SBD6 0.802987,0.176813,0.015573,0.010638 MDT1 0.863202,0.228954,0.016331,0.011261 MDT2 0.881125,0.178186,0.015157,0.011323 MDT3 0.898016,0.263006,0.013995,0.011106
IMG_3960_iter_119.jpg SBD1 0.715311,0.277282,0.015637,0.010941 SBD2 0.732858,0.243063,0.015423,0.010432 SBD3 0.750712,0.295017,0.015521,0.011156 SBD4 0.768298,0.278393,0.015506,0.010689 SBD5 0.785269,0.226830,0.015566,0.010910 SBD6 0.802717,0.160035,0.015160,0.010602 MDT1 0.864055,0.296714,0.015376,0.011062 MDT2 0.881472,0.144872,0.014654,0.011309 MDT3 0.898543,0.296912,0.014681,0.010526
IMG_3960_iter_12.jpg SBD1 0.714927,0.208788,0.016037,0.011054 SBD2 0.732512,0.159134,0.014915,0.010733 SBD3 0.749592,0.192565,0.015649,0.010830 SBD4 0.767219,0.159391,0.015440,0.010660 SBD5 0.786573,0.295653,0.015591,0.010495 SBD6 0.802814,0.160037,0.015188,0.010596 MDT1 0.863339,0.262646,0.015084,0.010930 MDT2 0.881394,0.161059,0.015376,0.010431 MDT3 0.898152,0.280192,0.014181,0.010936
IMG_3960_iter_120.jpg SBD1 0.715302,0.277275,0.015757,0.010937 SBD2 0.733336,0.294844,0.015760,0.011179 SBD3 0.750798,0.295016,0.015578,0.011196 SBD4 0.767541,0.226987,0.015473,0.010765 SBD5 0.785224,0.226828,0.015567,0.010909 SBD6 0.802728,0.160006,0.015163,0.010569 MDT1 0.863486,0.245806,0.016028,0.011219 MDT2 0.880357,0.229017,0.014734,0.010591 MDT3 0.897652,0.212491,0.013895,0.011139
IMG_3960_iter_121.jpg SBD1 0.715665,0.295073,0.015738,0.011069 SBD2 0.733218,0.260373,0.015463,0.010836 SBD3 0.750824,0.277569,0.016010,0.010949 SBD4 0.767065,0.210053,0.015364,0.011070 SBD5 0.785153,0.244226,0.015448,0.010769 SBD6 0.803281,0.261654,0.015388,0.010544 MDT1 0.864002,0.296787,0.015464,0.010887 MDT2 0.881137,0.178176,0.015176,0.011230 MDT3 0.898104,0.280146,0.014162,0.010957
IMG_3960_iter_122.jpg SBD1 0.715294,0.277288,0.015734,0.010941 SBD2 0.733498,0.277860,0.016023,0.010761 SBD3 0.749880,0.209524,0.016019,0.010909 SBD4 0.767267,0.176064,0.015767,0.010744 SBD5 0.785119,0.210197,0.014842,0.010971 SBD6 0.802580,0.143595,0.015562,0.010923 MDT1 0.863270,0.228895,0.016297,0.011262 MDT2 0.881441,0.144897,0.014628,0.011292 MDT3 0.897706,0.144539,0.014029,0.011248
IMG_3960_iter_123.jpg SBD1 0.714970,0.208785,0.016029,0.011021 SBD2 0.732774,0.243031,0.015434,0.010450 SBD3 0.749830,0.209545,0.016042,0.010936 SBD4 0.768572,0.295424,0.015450,0.011100 SBD5 0.785144,0.210200,0.014922,0.011037 SBD6 0.802367,0.210750,0.015497,0.010338 MDT1 0.863390,0.245796,0.016113,0.011221 MDT2 0.880664,0.245874,0.014901,0.011030 MDT3 0.898142,0.280187,0.014158,0.010986
IMG_3960_iter_124.jpg SBD1 0.715414,0.260281,0.015722,0.010888 SBD2 0.732459,0.192232,0.015408,0.010455 SBD3 0.749755,0.159365,0.015357,0.010632 SBD4 0.767323,0.142631,0.015607,0.010585 SBD5 0.785328,0.261321,0.014702,0.010358 SBD6 0.802859,0.193668,0.015337,0.010976 MDT1 0.864033,0.296668,0.015361,0.011074 MDT2 0.881111,0.178185,0.015150,0.011287 MDT3 0.898125,0.280192,0.014094,0.010929
IMG_3960_iter_125.jpg SBD1 0.714912,0.142722,0.014963,0.010583 SBD2 0.732674,0.209545,0.015077,0.010549 SBD3 0.749910,0.209569,0.016044,0.010902 SBD4 0.768213,0.260761,0.015389,0.011003 SBD5 0.784595,0.176448,0.014906,0.010454 SBD6 0.802709,0.226986,0.015672,0.010830 MDT1 0.863921,0.143943,0.015430,0.010610 MDT2 0.881106,0.178219,0.015098,0.011277 MDT3 0.897559,0.212525,0.013875,0.011221
IMG_3960_iter_126.jpg SBD1 0.714706,0.225624,0.015715,0.010924 SBD2 0.733554,0.277844,0.015990,0.010752 SBD3 0.749691,0.175925,0.015322,0.010450 SBD4 0.767617,0.243540,0.015569,0.010338 SBD5 0.784678,0.159768,0.015045,0.010806 SBD6 0.802557,0.210691,0.015726,0.010403 MDT1 0.863473,0.245785,0.016084,0.011221 MDT2 0.880688,0.245858,0.014891,0.011055 MDT3 0.897945,0.160975,0.014421,0.010370
IMG_3960_iter_127.jpg SBD1 0.714966,0.192149,0.015568,0.010979 SBD2 0.732453,0.192244,0.015377,0.010439 SBD3 0.749770,0.209560,0.016021,0.010895 SBD4 0.767573,0.226962,0.015569,0.010840 SBD5 0.785134,0.210211,0.014873,0.011040 SBD6 0.803512,0.278681,0.015314,0.010807 MDT1 0.863216,0.211630,0.016278,0.011148 MDT2 0.881483,0.144870,0.014655,0.011261 MDT3 0.897791,0.178233,0.014005,0.011210
IMG_3960_iter_128.jpg SBD1 0.715771,0.295064,0.015711,0.011033 SBD2 0.732868,0.243036,0.015410,0.010429 SBD3 0.749871,0.142696,0.015390,0.010523 SBD4 0.767230,0.176008,0.015759,0.010786 SBD5 0.785268,0.210295,0.014986,0.011108 SBD6 0.802381,0.210718,0.015481,0.010365 MDT1 0.863222,0.211619,0.016329,0.011182 MDT2 0.881400,0.161045,0.015432,0.010422 MDT3 0.898145,0.262971,0.014061,0.011100
IMG_3960_iter_129.jpg SBD1 0.714764,0.142761,0.014992,0.010584 SBD2 0.732827,0.243006,0.015406,0.010468 SBD3 0.749654,0.175964,0.015306,0.010443 SBD4 0.768569,0.295422,0.015425,0.011041 SBD5 0.785324,0.226833,0.015609,0.010926 SBD6 0.802612,0.210775,0.015665,0.010366 MDT1 0.863360,0.262671,0.015111,0.010896 MDT2 0.880744,0.212014,0.016160,0.011317 MDT3 0.898467,0.296796,0.014628,0.010577
IMG_3960_iter_13.jpg SBD1 0.714693,0.225587,0.015688,0.010952 SBD2 0.732761,0.175577,0.015666,0.010852 SBD3 0.749763,0.209565,0.016040,0.010951 SBD4 0.767370,0.192834,0.016237,0.010811 SBD5 0.785084,0.210193,0.014969,0.011008 SBD6 0.803308,0.261690,0.015319,0.010528 MDT1 0.863672,0.177636,0.016525,0.010799 MDT2 0.881165,0.178162,0.015176,0.011310 MDT3 0.897642,0.195122,0.013763,0.010891
IMG_3960_iter_130.jpg SBD1 0.714758,0.174983,0.015904,0.010379 SBD2 0.732937,0.142980,0.014641,0.010274 SBD3 0.750878,0.277573,0.015958,0.010937 SBD4 0.767600,0.227037,0.015458,0.010756 SBD5 0.785997,0.278552,0.015412,0.010652 SBD6 0.802703,0.227009,0.015597,0.010832 MDT1 0.863440,0.194201,0.016047,0.010343 MDT2 0.881321,0.262787,0.016158,0.011014 MDT3 0.897446,0.229256,0.013881,0.010946
IMG_3960_iter_131.jpg SBD1 0.714788,0.174973,0.015835,0.010364 SBD2 0.732893,0.142951,0.014661,0.010315 SBD3 0.749655,0.175960,0.015314,0.010510 SBD4 0.767132,0.210034,0.015338,0.011062 SBD5 0.784649,0.176458,0.014917,0.010501 SBD6 0.802800,0.193636,0.015382,0.010940 MDT1 0.863388,0.245827,0.016058,0.011203 MDT2 0.880667,0.194802,0.015137,0.010431 MDT3 0.897424,0.229342,0.013850,0.010932
IMG_3960_iter_132.jpg SBD1 0.714876,0.142764,0.014975,0.010563 SBD2 0.732557,0.225989,0.015902,0.010653 SBD3 0.750478,0.226121,0.015476,0.010823 SBD4 0.767314,0.142643,0.015579,0.010586 SBD5 0.785198,0.244159,0.015466,0.010775 SBD6 0.802833,0.193660,0.015366,0.010974 MDT1 0.863863,0.143963,0.015493,0.010622 MDT2 0.881349,0.262828,0.016030,0.011011 MDT3 0.898593,0.296886,0.014661,0.010580
IMG_3960_iter_133.jpg SBD1 0.714699,0.225608,0.015715,0.010943 SBD2 0.733216,0.260396,0.015469,0.010848 SBD3 0.749817,0.142801,0.015355,0.010543 SBD4 0.767563,0.243480,0.015564,0.010374 SBD5 0.786091,0.278561,0.015338,0.010607 SBD6 0.802524,0.210772,0.015550,0.010350 MDT1 0.863669,0.177721,0.016534,0.010732 MDT2 0.881155,0.280211,0.015211,0.010431 MDT3 0.897585,0.246009,0.014059,0.010653
IMG_3960_iter_134.jpg SBD1 0.714967,0.208812,0.016035,0.011045 SBD2 0.733342,0.294861,0.015706,0.011220 SBD3 0.749879,0.142743,0.015414,0.010547 SBD4 0.767279,0.176025,0.015850,0.010755 SBD5 0.784928,0.143053,0.015085,0.010481 SBD6 0.803034,0.176773,0.015538,0.010684 MDT1 0.863459,0.194202,0.016049,0.010374 MDT2 0.880793,0.211971,0.016139,0.011278 MDT3 0.897564,0.212441,0.013846,0.011102
IMG_3960_iter_135.jpg SBD1 0.715352,0.277282,0.015707,0.010955 SBD2 0.733520,0.277853,0.015949,0.010794 SBD3 0.750866,0.277569,0.015968,0.010956 SBD4 0.767679,0.243487,0.015605,0.010361 SBD5 0.785145,0.210235,0.014909,0.011008 SBD6 0.802979,0.244658,0.016321,0.010774 MDT1 0.863102,0.160989,0.015311,0.010831 MDT2 0.880771,0.194815,0.015230,0.010578 MDT3 0.897750,0.178150,0.013965,0.011306
IMG_3960_iter_136.jpg SBD1 0.715360,0.260299,0.015788,0.010884 SBD2 0.732543,0.225982,0.015914,0.010631 SBD3 0.750035,0.243458,0.015463,0.010941 SBD4 0.767452,0.192801,0.016229,0.010821 SBD5 0.786570,0.295655,0.015562,0.010498 SBD6 0.803546,0.278709,0.015235,0.010738 MDT1 0.863377,0.262597,0.015057,0.010938 MDT2 0.880695,0.212016,0.015924,0.011255 MDT3 0.897352,0.229312,0.013814,0.010958
IMG_3960_iter_137.jpg SBD1 0.715290,0.242814,0.016025,0.010425 SBD2 0.733587,0.277799,0.015996,0.010785 SBD3 0.750088,0.243470,0.015441,0.010929 SBD4 0.767581,0.226988,0.015515,0.010811 SBD5 0.785163,0.210230,0.014858,0.011025 SBD6 0.803360,0.296023,0.015394,0.010467 MDT1 0.863073,0.161018,0.015331,0.010935 MDT2 0.881180,0.280203,0.015168,0.010470 MDT3 0.897832,0.144440,0.014089,0.011363
IMG_3960_iter_138.jpg SBD1 0.714658,0.175006,0.015863,0.010402 SBD2 0.733242,0.260406,0.015489,0.010849 SBD3 0.750752,0.294982,0.015492,0.011127 SBD4 0.768565,0.295411,0.015381,0.011106 SBD5 0.786531,0.295704,0.015531,0.010564 SBD6 0.802916,0.244666,0.016361,0.010787 MDT1 0.863709,0.279984,0.015293,0.010822 MDT2 0.880635,0.211973,0.015989,0.011270 MDT3 0.898209,0.280161,0.014179,0.010975
IMG_3960_iter_139.jpg SBD1 0.714716,0.175012,0.015854,0.010405 SBD2 0.733600,0.277790,0.016024,0.010775 SBD3 0.749748,0.159380,0.015366,0.010674 SBD4 0.768318,0.260818,0.015315,0.010933 SBD5 0.785393,0.261303,0.014687,0.010364 SBD6 0.803367,0.261706,0.015355,0.010507 MDT1 0.863634,0.177656,0.016544,0.010749 MDT2 0.881393,0.160997,0.015364,0.010356 MDT3 0.897587,0.245984,0.014060,0.010675
IMG_3960_iter_14.jpg SBD1 0.715783,0.295134,0.015642,0.011019 SBD2 0.732632,0.209506,0.015003,0.010570 SBD3 0.750019,0.243486,0.015469,0.010956 SBD4 0.768289,0.278366,0.015510,0.010745 SBD5 0.785203,0.244157,0.015524,0.010772 SBD6 0.803371,0.261687,0.015403,0.010492 MDT1 0.863693,0.177668,0.016569,0.010793 MDT2 0.880683,0.194814,0.015070,0.010385 MDT3 0.897405,0.229345,0.013841,0.010937
IMG_3960_iter_140.jpg SBD1 0.715235,0.242816,0.016077,0.010445 SBD2 0.732558,0.226003,0.015921,0.010651 SBD3 0.749797,0.142627,0.015402,0.010538 SBD4 0.767587,0.226998,0.015523,0.010786 SBD5 0.785284,0.210201,0.014964,0.010979 SBD6 0.802446,0.210790,0.015505,0.010318 MDT1 0.863766,0.279950,0.015233,0.010722 MDT2 0.881092,0.178202,0.015128,0.011292 MDT3 0.897347,0.229325,0.013759,0.010857
IMG_3960_iter_141.jpg SBD1 0.715237,0.242816,0.016119,0.010454 SBD2 0.733311,0.294839,0.015687,0.011160 SBD3 0.750027,0.243463,0.015463,0.010982 SBD4 0.767292,0.176044,0.015823,0.010781 SBD5 0.784998,0.193170,0.014851,0.010918 SBD6 0.803470,0.278735,0.015262,0.010782 MDT1 0.863422,0.262642,0.015059,0.010917 MDT2 0.880256,0.228981,0.014716,0.010620 MDT3 0.897534,0.245997,0.014057,0.010665
IMG_3960_iter_142.jpg SBD1 0.714914,0.192149,0.015647,0.010946 SBD2 0.733275,0.260338,0.015541,0.010881 SBD3 0.750413,0.260493,0.015728,0.010976 SBD4 0.767521,0.226991,0.015425,0.010787 SBD5 0.785099,0.244082,0.015416,0.010745 SBD6 0.802781,0.244666,0.016495,0.010799 MDT1 0.863409,0.245892,0.016032,0.011208 MDT2 0.881480,0.160990,0.015384,0.010398 MDT3 0.897628,0.212495,0.013931,0.011212
IMG_3960_iter_143.jpg SBD1 0.714685,0.225614,0.015699,0.010967 SBD2 0.733229,0.260422,0.015464,0.010839 SBD3 0.750866,0.277599,0.015969,0.010919 SBD4 0.767080,0.209989,0.015403,0.011097 SBD5 0.785162,0.210225,0.014919,0.011072 SBD6 0.802365,0.210735,0.015524,0.010358 MDT1 0.863737,0.144022,0.015429,0.010610 MDT2 0.881460,0.144925,0.014667,0.011289 MDT3 0.898135,0.280157,0.014134,0.010964
IMG_3960_iter_144.jpg SBD1 0.715252,0.277250,0.015707,0.010971 SBD2 0.732858,0.143005,0.014672,0.010267 SBD3 0.750021,0.243488,0.015509,0.010961 SBD4 0.767425,0.192828,0.016271,0.010795 SBD5 0.784966,0.143111,0.015072,0.010501 SBD6 0.802915,0.244696,0.016355,0.010809 MDT1 0.863463,0.245836,0.016038,0.011160 MDT2 0.881529,0.144939,0.014687,0.011267 MDT3 0.897376,0.229265,0.013783,0.010912
IMG_3960_iter_145.jpg SBD1 0.714647,0.225619,0.015780,0.010940 SBD2 0.732522,0.225976,0.015919,0.010651 SBD3 0.749560,0.192537,0.015665,0.010842 SBD4 0.768389,0.278397,0.015557,0.010705 SBD5 0.786081,0.278551,0.015373,0.010649 SBD6 0.803262,0.261714,0.015357,0.010531 MDT1 0.863961,0.296738,0.015412,0.011017 MDT2 0.881083,0.178184,0.015158,0.011304 MDT3 0.897545,0.245970,0.014061,0.010700
IMG_3960_iter_146.jpg SBD1 0.714969,0.208751,0.016078,0.011012 SBD2 0.732586,0.225980,0.015919,0.010682 SBD3 0.749876,0.159353,0.015201,0.010528 SBD4 0.767249,0.159406,0.015416,0.010670 SBD5 0.784885,0.143105,0.015094,0.010496 SBD6 0.802835,0.193633,0.015356,0.010971 MDT1 0.863069,0.160988,0.015303,0.010912 MDT2 0.880717,0.245903,0.014861,0.010962 MDT3 0.897880,0.144472,0.014167,0.011358
IMG_3960_iter_147.jpg SBD1 0.714551,0.158503,0.015713,0.010307 SBD2 0.732451,0.192197,0.015404,0.010396 SBD3 0.750442,0.226225,0.015502,0.010754 SBD4 0.768305,0.260812,0.015320,0.010928 SBD5 0.785174,0.244122,0.015387,0.010748 SBD6 0.803443,0.296046,0.015448,0.010455 MDT1 0.864048,0.296751,0.015391,0.011031 MDT2 0.880672,0.245889,0.014866,0.010983 MDT3 0.898026,0.161010,0.014319,0.010392
IMG_3960_iter_148.jpg SBD1 0.714567,0.175030,0.015889,0.010474 SBD2 0.733271,0.260357,0.015486,0.010833 SBD3 0.750776,0.295011,0.015574,0.011113 SBD4 0.767614,0.243509,0.015528,0.010319 SBD5 0.785183,0.244201,0.015501,0.010743 SBD6 0.802699,0.226977,0.015617,0.010877 MDT1 0.863461,0.245840,0.016040,0.011179 MDT2 0.881209,0.296753,0.014483,0.010442 MDT3 0.897809,0.178233,0.014122,0.011273
IMG_3960_iter_149.jpg SBD1 0.715445,0.260248,0.015658,0.010854 SBD2 0.732527,0.226000,0.015944,0.010651 SBD3 0.750359,0.226182,0.015457,0.010775 SBD4 0.767283,0.142675,0.015579,0.010600 SBD5 0.784562,0.159717,0.014976,0.010778 SBD6 0.803452,0.278736,0.015260,0.010746 MDT1 0.863368,0.262639,0.015013,0.010934 MDT2 0.880636,0.211981,0.016018,0.011268 MDT3 0.897671,0.178198,0.014166,0.011295
IMG_3960_iter_15.jpg SBD1 0.714659,0.225616,0.015794,0.010941 SBD2 0.733563,0.277825,0.015999,0.010778 SBD3 0.750459,0.226212,0.015457,0.010810 SBD4 0.767096,0.210014,0.015377,0.011102 SBD5 0.784644,0.159715,0.014978,0.010768 SBD6 0.802886,0.193631,0.015334,0.010958 MDT1 0.863727,0.177647,0.016587,0.010772 MDT2 0.881576,0.160963,0.015352,0.010367 MDT3 0.898031,0.263009,0.013945,0.011102
IMG_3960_iter_150.jpg SBD1 0.714872,0.208762,0.016066,0.011057 SBD2 0.732833,0.242995,0.015445,0.010491 SBD3 0.750896,0.277594,0.015963,0.010943 SBD4 0.768284,0.278446,0.015551,0.010698 SBD5 0.784669,0.159818,0.015002,0.010828 SBD6 0.803353,0.261730,0.015383,0.010527 MDT1 0.863377,0.262640,0.015020,0.010927 MDT2 0.881120,0.178219,0.015138,0.011313 MDT3 0.897372,0.229305,0.013899,0.010999
IMG_3960_iter_151.jpg SBD1 0.714964,0.192139,0.015605,0.010962 SBD2 0.732610,0.209548,0.015033,0.010580 SBD3 0.750001,0.243477,0.015465,0.010944 SBD4 0.767195,0.159391,0.015441,0.010718 SBD5 0.785319,0.261332,0.014677,0.010368 SBD6 0.803348,0.296011,0.015403,0.010404 MDT1 0.862984,0.161001,0.015334,0.010978 MDT2 0.880616,0.245892,0.014907,0.011079 MDT3 0.897720,0.178246,0.014009,0.011259
